2.393074
1.972813
1.011189
2.985532
1.018696
2.696474
1.942248
2.418334
1.123713
1.008027
2.104998
1.100834
1.934992
1.118648
1.954031
1.835901
1.016427
2.219663
1.901195
2.039527
1.362446
1.009152
2.296582
1.606766
1.939906
1.253513
2.579270
1.003100
2.053250
1.529740
2.359315
0.000001
2.422216
1.661937
1.046447
1.863889
2.715346
1.055788
1.002639
1.055299
0.000092
1.326162
1.187310
2.175859
3.174274
2.948819
1.045956
1.799061
1.328309
1.442970
1.339940
1.592469
1.878796
1.552608
1.086944
1.102401
1.057386
1.682290
1.063457
1.064117
2.109645
1.931834
1.650061
1.135583
1.012275
1.940990
1.106152
1.021071
1.872702
1.682246
1.716717
1.165692
2.135712
1.682787
1.110830
1.822347
1.017663
0.000135
2.354975
1.073779
1.736612
2.285693
2.002067
1.952199
2.465819
2.616477
1.020672
2.253216
1.036776
1.025164
1.159410
1.036137
2.290027
1.873917
1.003136
1.924502
1.351631
1.148186
1.954737
1.542135
