37.758816
37.159629
34.399895
39.746019
30.494020
35.313315
32.635590
32.386705
34.858531
35.639277
37.513786
32.411100
43.106281
32.292109
33.506112
34.403511
38.164007
37.467199
37.516641
40.495768
33.436336
31.269055
32.849885
31.289266
40.678756
39.389343
36.662939
36.865400
38.084817
41.783278
47.337056
38.963994
42.247658
30.552719
36.786259
37.190700
35.770335
34.588257
38.301050
37.407921
37.047017
36.821015
39.193702
33.995752
41.299282
37.824089
36.647156
31.655719
35.467073
36.723077
33.490826
36.538108
35.427938
33.657913
36.557634
41.902349
30.880608
33.017183
33.213061
37.816273
38.654357
34.616377
36.945144
40.468646
44.321773
31.879003
33.609681
32.738634
35.588385
43.012041
29.567286
33.411795
37.600925
39.155986
36.071624
39.052906
33.677851
33.545275
38.085543
38.216246
30.651309
28.558950
39.712949
37.978944
38.615315
32.503726
38.831359
38.134421
31.916271
34.753323
37.355342
39.849875
39.822344
45.229351
48.232922
38.441865
39.352754
36.591590
34.835561
34.681110
