0.000000
1.018510
1.947374
2.532232
1.035238
1.007093
1.843325
1.000005
1.001571
0.000055
1.823696
1.137869
1.000000
1.002303
0.000008
1.037637
1.005872
1.406363
1.004034
1.113006
0.000000
1.066007
1.000001
1.243203
1.742653
1.023510
0.000074
1.000000
1.028890
1.514354
1.106499
1.755826
1.057162
1.012675
1.271181
1.916041
1.831669
0.000055
0.000046
1.002033
1.227633
0.000003
1.004257
1.000014
1.044936
1.183205
1.077247
1.000617
1.006168
0.000061
1.033185
1.007363
1.110668
1.000000
1.000015
1.002596
0.000043
0.000000
2.029379
1.000007
1.424547
1.852732
1.996029
1.964473
1.012814
1.000007
1.051507
1.153792
0.000004
1.053238
0.000036
1.026868
1.548530
1.073231
1.000001
0.000055
1.072882
1.610963
1.358308
1.483417
1.000020
1.001686
0.000167
1.000950
1.014478
1.024760
2.256643
1.001913
1.002333
1.135724
1.826415
1.000001
2.577849
1.000002
2.022520
1.166745
1.063087
1.959897
1.001959
1.568566
