0.000002
1.000000
0.000000
1.000000
0.000014
1.000815
0.000007
1.001180
0.000000
0.000000
0.000001
1.001814
1.000000
0.000000
0.000010
0.000000
0.000000
1.000416
1.001445
1.002976
1.000000
0.000002
0.000004
1.037074
0.000000
1.060655
1.067117
0.000000
1.000003
0.000000
0.000000
1.001060
0.000002
0.000016
0.000000
1.000000
0.000000
1.002560
1.000420
0.000000
0.000071
0.000067
1.000000
1.000000
1.000060
1.000000
0.000030
0.000000
0.000000
0.000015
0.000001
0.000000
0.000007
0.000000
0.000000
1.000282
0.000001
1.005508
1.024359
0.000008
1.000000
0.000010
0.000001
1.000008
1.000000
1.000000
1.000747
0.000000
1.000000
1.020710
1.006132
1.449141
1.000225
0.000118
1.035014
1.000000
0.000024
0.000000
1.000000
1.000000
1.000019
1.000000
1.000065
1.000010
1.027299
1.000000
1.000009
0.000003
0.000000
0.000000
0.000000
1.013722
1.932714
1.000000
0.000000
1.002206
1.000084
0.000000
1.000000
0.000000
