2.123244
2.115735
1.105673
2.797946
1.919676
2.448325
1.925385
3.385850
1.276120
2.048656
1.765086
2.705798
2.686296
2.092134
3.933669
3.166515
1.807743
2.704817
3.057946
1.545082
1.656357
1.954170
2.978567
3.034149
2.167657
1.878285
2.904090
2.824787
2.564430
1.793358
1.113919
2.170060
3.355216
3.349271
1.661224
3.095644
2.631323
1.395172
1.043053
3.630719
2.079711
2.968629
2.397869
3.409985
3.100209
3.130592
3.119217
3.411781
1.910177
2.105530
2.772017
1.416787
2.039305
2.860888
1.582082
2.783549
2.208039
1.365548
3.297515
2.725625
2.623915
2.561254
1.832019
3.227726
1.654863
2.335556
1.975954
2.337887
3.618783
1.211300
2.154752
2.457310
3.014005
1.341442
2.439505
1.227224
3.413953
2.183876
2.732369
2.806584
3.040645
2.270096
1.758065
1.706608
3.299832
3.155824
1.811290
1.051770
1.770652
3.333589
2.951485
1.979380
2.784544
2.659199
1.119315
3.764931
1.849726
2.113017
2.955595
2.874368
