1.080559
1.000276
1.013642
1.001138
1.501522
1.096774
1.207136
1.000279
0.000004
1.000017
0.000033
1.101921
1.000009
1.002095
1.105135
0.000004
1.001085
1.000037
1.019420
1.162663
1.009027
1.002271
1.011299
1.123236
1.001938
1.089391
1.000049
1.001430
1.020293
1.152972
1.019464
1.003296
1.003633
1.058855
1.121364
1.007220
1.005517
1.089687
1.000383
1.000300
1.001039
0.000120
1.147656
1.000763
1.000149
1.014560
1.002842
1.000705
1.017308
1.000390
0.000083
1.003066
1.000047
1.000120
1.306172
1.085573
1.000093
1.002967
1.002666
1.000121
1.006631
1.003220
1.001824
1.012279
1.114914
1.648424
1.001800
1.396159
1.017729
1.001519
1.536556
1.086656
1.000920
1.010064
1.008764
1.006500
1.000256
1.347816
1.032933
1.000452
1.000042
1.008283
0.000054
0.000003
1.015927
1.006521
1.095397
1.091323
1.009220
0.000155
1.004898
1.016675
0.000007
1.025782
1.000054
1.003373
1.000728
1.000159
1.005574
1.108366
