2.120966
1.237176
1.148827
1.332531
1.005307
1.868807
1.184823
1.021159
1.172025
1.022423
1.088174
1.037136
0.000009
1.040331
2.105413
1.080131
1.052741
1.084519
1.000141
1.320491
1.010025
1.078817
1.781465
1.362280
1.006544
1.059141
1.015771
1.128160
1.032618
1.029607
1.014833
1.001101
1.741997
1.242159
1.074956
1.003284
1.377394
1.588718
1.120473
1.009397
1.019590
1.263777
1.086988
1.012161
1.066066
1.793488
1.598471
1.088227
1.332047
1.000968
1.014769
1.045853
1.068722
1.025868
1.015846
1.065598
2.066123
1.006698
1.004636
1.053902
1.001148
1.050219
1.600641
1.861827
1.116012
1.001312
1.000375
1.355690
1.279928
1.112794
1.085117
1.111701
0.000040
1.013197
0.000028
1.056412
1.199363
1.130106
1.111500
1.165715
1.013283
1.470925
1.044828
1.587240
1.022697
1.225140
1.035803
1.047914
1.000620
1.086761
1.048184
1.039425
1.044077
1.317808
1.283052
1.072158
1.524391
1.040660
1.030836
1.130883
