5.191442
5.803603
3.437150
5.758009
10.321175
3.088165
3.329702
6.324852
4.375763
3.573111
3.952785
5.945729
4.429408
5.424344
4.889413
5.249212
3.800481
4.283522
2.909740
5.098225
4.753618
4.424255
5.904324
4.608306
4.601137
5.244229
4.166532
3.175626
5.397961
4.651162
4.595955
2.536653
7.115659
4.402223
7.386727
2.867220
5.508801
4.182573
5.139070
5.404698
6.098271
4.368252
4.784288
2.635516
6.233814
4.296759
4.387475
5.929479
5.766193
6.329811
4.227693
3.882768
3.015693
7.571596
6.001086
5.430240
4.018685
6.929237
5.941946
2.827447
5.413588
6.282767
6.934356
5.344016
6.497685
4.856707
4.225896
2.946935
6.748150
4.544355
4.554271
4.829646
5.942204
4.224091
4.304008
5.571659
4.403958
3.336298
2.706986
4.074202
6.497803
5.033481
6.499434
6.383153
6.152255
4.960057
4.529813
4.714994
4.798705
3.395816
1.915374
4.455486
2.666767
5.077746
4.708683
5.907888
4.431697
5.016648
2.413125
5.256922
