1.000001
0.000000
0.000000
1.000000
0.000000
0.000010
0.000000
0.000000
0.000038
0.000000
0.000003
0.000004
0.000040
0.000000
0.000000
0.000023
1.000135
0.000000
0.000000
0.000000
0.000001
0.000000
1.000000
1.000000
0.000000
0.000000
0.000091
0.000000
1.000000
0.000000
0.000000
0.000000
1.000010
0.000000
0.000001
0.000088
0.000000
0.000037
0.000000
0.000000
0.000108
0.000002
0.000000
1.000000
0.000000
0.000015
0.000001
0.000004
0.000000
1.000004
0.000102
0.000026
0.000000
0.000000
0.000001
1.000002
0.000000
0.000002
0.000000
0.000000
1.000000
0.000000
1.000000
0.000036
0.000000
1.000000
0.000000
0.000003
1.004365
0.000016
0.000000
0.000031
0.000000
0.000007
1.000000
1.015097
0.000000
1.000000
1.000000
0.000000
0.000000
0.000017
1.000025
1.002526
0.000094
0.000012
1.000024
1.002391
0.000060
0.000000
0.000012
1.177976
1.000002
0.000000
0.000000
1.000000
1.000002
0.000000
1.000003
0.000000
