9.695607
10.108636
9.100286
6.353226
7.654091
9.340133
8.939909
7.061202
10.563381
8.017959
5.204580
6.756944
9.146884
8.558489
8.962973
10.048451
6.836970
10.684231
7.574503
8.166038
7.921630
7.246693
7.406482
9.111433
7.317113
7.118005
9.610501
6.943644
8.940450
5.998333
6.823187
10.697056
7.376044
8.806861
8.354869
8.676809
7.654763
9.903514
10.204082
8.059541
12.114135
6.657478
8.440291
8.470303
8.766259
6.235142
11.673621
8.900971
10.632570
4.388953
7.284734
6.977679
7.935929
8.163967
7.563914
9.029310
7.657289
7.106314
7.034378
7.846247
7.642392
8.606544
8.915269
7.183580
8.327158
7.144085
8.339395
7.624781
11.190922
8.077833
5.676087
9.733756
7.079722
9.389001
8.754206
12.673556
8.625423
9.253623
7.205477
7.348999
7.378778
8.658136
8.063057
8.123868
7.920260
8.076663
9.150757
9.475681
8.169632
10.038519
7.233822
8.156013
10.266439
9.086391
4.703717
7.163538
10.127910
11.510445
7.464345
7.307382
