2.618097
3.407177
3.304755
4.788089
3.583709
2.201585
3.155992
4.633725
2.108583
2.259296
4.107652
2.019213
2.016749
2.031072
1.041673
2.983009
1.923384
1.931054
1.607847
1.016569
2.677460
3.151320
1.105528
2.014202
4.072062
3.032989
3.754367
3.958182
2.885324
2.847444
3.406057
1.000656
3.872692
3.079866
2.287870
2.334826
3.067362
3.883714
2.368310
2.206332
3.026658
3.367064
1.006220
1.021325
1.857413
1.735759
4.004649
2.944427
1.040299
2.069999
4.255605
1.202403
3.404242
3.376213
1.988444
2.275347
2.099778
2.114974
1.994024
3.678157
2.410005
3.816608
3.634250
2.059378
2.498200
2.676614
3.303964
1.940066
1.001013
1.026748
3.734839
2.580161
2.253416
2.815874
4.307304
2.062935
2.127972
2.356677
3.589228
1.877701
3.510787
2.209623
2.029581
1.450665
1.999204
2.799502
3.755830
2.730787
2.465637
2.709330
4.713910
2.728867
2.079709
2.981620
2.526019
3.038097
3.918481
3.005812
3.502268
3.558050
