201.270059
192.538092
177.142288
193.608054
180.802650
179.449312
167.444858
183.508928
190.647836
181.457039
180.882111
178.498892
175.588981
199.999852
188.806594
195.816524
185.631877
170.832498
186.050086
183.138901
183.648946
190.683804
188.222784
186.109816
194.299012
182.070969
179.398728
174.062930
184.226044
199.018407
186.601896
191.339361
173.573898
182.058251
176.501536
176.229333
185.146856
173.248265
186.683611
182.310886
172.222945
191.823453
200.352387
182.873340
193.554743
189.745514
175.476397
185.400470
178.178859
200.676651
185.854790
187.169709
176.841816
174.125629
208.528036
179.039049
186.518161
173.805848
182.805563
186.088057
174.278319
182.854717
185.706131
181.629477
161.096773
187.074536
195.385067
181.310812
195.179974
200.449893
194.352558
184.996301
188.128930
170.102284
184.397187
186.215565
173.446371
187.333849
172.296362
178.901407
193.315010
198.209552
186.055141
173.434714
184.671639
180.007557
187.715565
193.958443
159.292672
175.936426
194.928605
167.163089
203.655219
196.763539
203.929340
188.823490
184.931294
186.976666
200.945259
190.962801
