18.599938
21.662086
15.846085
23.315460
24.285526
21.895093
22.400903
15.777193
18.670401
14.898817
24.138776
21.956269
20.541918
21.762876
16.464808
17.867556
20.714850
25.354901
18.364400
22.706499
21.347343
20.991182
23.181001
24.160211
19.366333
21.201983
23.268087
22.397912
21.514617
18.641465
16.409028
17.767305
22.865445
18.137486
18.237690
23.573018
18.342478
24.108696
11.526296
17.169287
14.082722
22.078724
19.035433
21.435659
18.345973
20.110404
17.053106
17.155716
20.810254
20.865820
20.370658
20.034646
20.050551
14.935700
21.627507
23.193273
16.595642
19.165462
19.809898
18.119299
19.808079
20.442074
16.240054
24.690844
19.692339
14.292352
25.062755
18.458493
16.063114
20.161189
23.345035
17.493543
21.999249
16.938616
20.268527
21.682581
21.787039
15.459305
18.583217
20.335323
20.893786
20.103604
17.748938
24.382122
18.256954
19.384654
15.006660
24.337109
16.745555
22.149719
22.463869
21.822728
24.909959
21.918833
25.272711
20.708649
17.037870
22.887652
20.126863
25.651325
