2.618097
3.407177
3.304755
4.788089
3.583709
2.201585
3.155992
4.633726
2.108583
2.259296
4.107652
2.019213
2.016749
2.031072
1.041673
2.983009
1.923385
1.931054
1.607848
1.016569
2.677460
3.151321
1.105529
2.014202
4.072062
3.032989
3.754367
3.958182
2.885324
2.847445
3.406057
1.000656
3.872692
3.079866
2.287870
2.334826
3.067362
3.883714
2.368310
2.206333
3.026659
3.367064
1.006221
1.021326
1.857413
1.735760
4.004649
2.944427
1.040299
2.069999
4.255605
1.202404
3.404242
3.376213
1.988444
2.275347
2.099778
2.114974
1.994024
3.678157
2.410006
3.816608
3.634250
2.059378
2.498201
2.676614
3.303964
1.940067
1.001013
1.026748
3.734839
2.580162
2.253416
2.815876
4.307305
2.062935
2.127973
2.356678
3.589228
1.877701
3.510788
2.209623
2.029582
1.450665
1.999204
2.799503
3.755830
2.730787
2.465637
2.709330
4.713910
2.728868
2.079709
2.981620
2.526019
3.038097
3.918482
3.005812
3.502268
3.558051
