37.758816
37.159628
34.399895
39.746019
30.494020
35.313315
32.635589
32.386705
34.858531
35.639277
37.513786
32.411100
43.106280
32.292109
33.506112
34.403511
38.164006
37.467199
37.516641
40.495768
33.436336
31.269055
32.849885
31.289266
40.678755
39.389343
36.662938
36.865399
38.084816
41.783278
47.337053
38.963993
42.247658
30.552719
36.786257
37.190698
35.770334
34.588257
38.301050
37.407921
37.047015
36.821010
39.193702
33.995752
41.299282
37.824089
36.647156
31.655718
35.467071
36.723076
33.490825
36.538108
35.427938
33.657912
36.557634
41.902349
30.880608
33.017182
33.213060
37.816271
38.654357
34.616376
36.945144
40.468646
44.321773
31.879003
33.609679
32.738632
35.588385
43.012041
29.567285
33.411795
37.600924
39.155986
36.071623
39.052905
33.677851
33.545275
38.085542
38.216245
30.651309
32.555201
39.712949
37.978944
38.615315
32.503725
38.831359
38.134420
31.916271
34.753323
37.355341
39.849875
39.822344
45.229351
48.232922
38.441864
39.352754
36.591589
34.835561
34.681110
