0.000000
1.018510
1.947374
2.532232
1.035238
1.007093
1.843325
1.000005
1.001571
1.000000
1.823696
1.137869
1.000000
1.002303
0.000009
1.037637
1.005872
1.406364
1.004035
1.113007
0.000000
1.001644
1.000002
1.243203
1.742653
1.023510
2.202197
1.000001
1.028890
1.514355
1.106500
1.755826
1.057162
1.012676
1.271183
1.916042
1.831669
1.000235
0.000046
1.002033
1.227641
0.000005
1.004257
1.000014
1.044937
1.183207
1.077247
1.000617
1.006169
1.008858
1.033185
1.007363
1.110669
0.999999
1.000016
1.002596
2.010878
0.000000
2.029379
1.000007
1.424548
1.852732
1.996030
1.964473
1.012814
1.000007
1.051507
1.153793
1.634701
1.053238
1.000286
1.026868
1.548531
1.073231
1.000001
2.122571
1.072880
1.610963
1.358310
1.483418
1.000020
1.001687
1.000009
1.000945
1.014478
1.024760
2.256643
1.001913
1.002334
1.135725
1.826415
1.000001
2.577849
1.000002
2.022520
1.166747
1.063088
1.959897
1.001960
1.568566
