5.191442
5.803604
3.437150
5.758009
10.321175
3.088165
3.329702
6.324852
4.375764
3.573112
3.952785
5.945730
4.429408
5.424345
4.889413
5.249212
6.425480
4.283522
2.909741
5.098226
4.753619
4.424256
5.904324
4.608306
4.601137
5.244229
4.166533
3.175626
5.397961
4.651162
4.595955
2.536654
7.115659
4.402223
7.386727
2.867220
5.508801
4.182573
5.139071
5.404698
6.098271
4.368252
4.784288
2.635516
6.233814
4.296759
4.387468
5.929479
5.766193
6.329811
4.227693
3.882768
3.015693
7.571596
6.001086
5.430240
4.018685
6.929237
5.941946
2.827447
5.413589
6.282767
6.934356
5.344016
6.497685
4.856707
4.225897
2.946935
6.748151
4.544355
4.554271
4.829646
5.942205
4.224091
4.304008
5.571659
4.403958
3.336298
2.706986
4.074202
6.497803
5.033482
6.499434
6.383153
6.152255
4.960057
4.529814
4.714995
4.798706
3.395817
1.915374
4.455486
2.666767
5.077747
4.708683
5.907888
4.431697
5.016648
2.413125
5.256922
