2.393073
1.972814
1.011188
2.985532
1.018696
1.031798
1.942249
2.418333
1.123714
1.008027
2.104998
1.100834
1.443116
1.118648
1.954030
1.835901
1.016427
2.219663
1.901195
2.039527
1.362447
1.009152
2.296583
1.606766
1.939906
1.253520
2.579268
1.003099
2.053251
1.529740
2.359315
0.000001
2.422216
1.661937
1.046447
1.863889
2.166788
1.055788
1.002639
1.055299
1.025320
1.326162
1.187311
2.175859
3.174273
2.948819
1.045957
1.799061
1.328310
1.442971
1.339941
1.592470
1.878796
1.552608
1.086944
1.102401
1.057386
1.682290
1.063458
1.064117
2.109645
1.931834
1.650061
1.135584
1.012275
1.940990
1.912162
1.021069
1.872703
1.682246
1.716717
1.225952
2.135711
1.682788
1.110830
1.822347
1.017663
1.046735
2.354975
1.073779
1.736611
2.285693
2.002066
1.952198
2.465819
2.616477
1.020672
2.253216
1.036776
1.025164
1.160058
1.036137
3.742458
1.873916
1.003136
1.924501
1.351635
1.148186
1.954737
1.542135
