9.695606
10.108633
9.100285
6.353226
7.654090
9.340131
8.939909
7.061201
10.563380
8.017958
5.204579
6.756943
9.146884
8.558491
8.962972
10.048451
6.836970
10.684231
7.574505
8.166038
7.921629
7.246693
7.406481
9.111432
7.317113
7.118004
9.610501
6.943643
8.940449
5.998332
6.823185
10.697055
7.376043
8.806861
8.354868
8.676809
7.654763
9.903513
10.204081
8.059540
12.114134
6.657477
8.440294
8.470303
8.766259
6.235142
11.673620
8.900971
10.632570
4.388952
7.284734
6.977679
7.935929
8.163967
6.677762
9.029310
7.657289
7.106313
7.034379
7.846247
7.642392
8.606543
8.915269
7.183580
9.982259
7.144084
8.339394
7.624778
11.190920
8.077833
5.676087
9.733756
7.079721
9.388999
8.754205
12.673555
8.625423
9.253622
7.205476
7.348999
7.378777
8.658135
8.063057
8.123868
7.920260
8.076663
9.150757
9.475680
8.169632
10.038519
6.586755
8.156014
10.266438
9.086389
4.703717
7.163537
10.127909
11.510444
7.464345
7.307383
