0.000002
1.000000
0.000000
0.999999
0.000094
1.000815
1.000033
1.001180
0.000000
0.000000
0.000001
1.001814
0.999999
0.000000
1.000172
0.000000
0.000000
1.000416
1.001445
1.002976
1.000000
0.000002
0.000004
1.037074
0.000000
1.060654
1.067117
0.000000
1.000002
0.000000
0.000000
1.001060
1.000000
1.000005
0.000000
0.000274
0.000000
1.002559
1.000420
0.000000
1.000025
1.000047
0.999999
1.000000
1.000060
1.000000
1.000004
0.000000
0.000000
1.000000
0.000001
0.000000
1.000000
0.000000
0.000000
1.000282
0.000001
1.005508
1.024359
0.000011
1.000000
0.000012
0.000001
1.000007
1.000000
0.999999
1.000747
0.000000
1.000000
1.020709
1.006131
1.449141
1.000225
0.000615
1.035014
0.999999
1.000000
0.000000
1.000000
0.999999
1.000019
1.000000
1.000064
1.000010
1.027299
0.999999
1.000009
0.000005
0.000000
0.000000
0.000000
1.013722
1.932713
1.000000
0.000000
1.002206
1.000083
0.000000
1.000000
0.000000
