1.000000
0.000000
0.000000
0.999999
0.000000
0.000272
0.000000
0.000000
0.999999
0.000000
0.000047
0.000040
0.999997
0.000000
0.000000
0.000093
1.000134
0.000000
0.000000
0.000000
0.000002
0.000000
0.999998
0.999998
0.000000
0.000000
1.000074
0.000000
0.006684
0.000000
0.000000
0.000000
1.000009
0.000000
0.000001
1.000258
0.000000
0.000083
0.000000
0.000000
0.999999
0.000002
0.000000
0.999999
0.000000
0.999999
0.000001
0.000007
0.000000
1.000004
0.999998
1.001263
0.000000
0.000000
0.000001
1.000000
0.000000
0.000004
0.000000
0.000000
0.999998
0.000000
0.999999
1.073592
0.000000
0.999999
0.000000
0.000003
1.004364
0.999998
0.000000
0.000045
0.000000
0.000013
0.999999
1.015097
0.000000
0.999999
1.000000
0.000000
0.000000
0.000054
1.000024
1.002524
0.000146
0.999997
1.000023
1.002389
0.999997
0.000000
0.000033
1.177977
1.000001
0.000000
0.000000
0.999999
1.000002
0.000000
1.000002
0.000000
