1.080558
1.000271
1.013640
1.001138
1.501519
1.096773
1.208554
1.000276
0.000006
1.000016
1.495193
1.101919
1.000005
1.002093
1.105134
0.000006
1.001085
1.000035
1.019419
1.162663
1.009026
1.002271
1.011297
1.123235
1.001936
1.089389
1.000048
1.001427
1.020291
1.152972
1.019463
1.003294
1.003632
1.058854
1.121363
1.007218
1.005517
1.089685
1.000382
1.000298
1.001039
1.065142
1.040658
1.000761
1.000147
1.014560
1.002841
1.000699
1.017308
1.000389
0.000134
1.003066
1.000047
1.000120
1.306172
1.085573
1.000088
1.002966
1.002664
1.000120
1.006630
1.003213
1.001822
1.012278
1.114913
1.648421
1.001800
1.396159
1.017725
1.063243
1.536552
1.086655
1.000919
1.010063
1.008762
1.006497
1.000255
1.347815
1.032932
1.000450
1.000041
1.008282
1.005244
0.000004
1.015926
1.006518
1.095396
1.091322
1.009219
1.000151
1.004894
1.016674
0.000014
1.025779
1.000052
1.003370
1.000727
1.000158
1.005573
1.108366
