2.123242
2.115736
1.105672
2.797938
1.919671
2.448324
1.925385
3.385847
1.276119
2.048654
1.765084
2.705798
2.686295
2.092130
3.933660
3.166513
1.807741
2.704811
3.057938
1.545083
1.656357
1.954169
2.978566
3.034147
3.490273
1.878284
2.904087
2.824786
2.564428
1.793357
1.113919
2.170056
3.355209
3.349269
1.661223
3.095644
2.631320
1.395172
1.043051
3.630719
2.079709
2.968629
2.397865
3.409981
3.100207
3.130584
3.119215
3.411778
1.910174
2.105529
2.772014
1.416787
2.039305
1.245234
1.582085
2.783548
2.208036
1.365546
3.297510
2.639647
2.623914
2.561254
1.832018
3.227726
1.654864
2.335556
1.975953
2.337886
3.618781
1.211300
2.154751
2.457308
3.014007
1.341442
2.439502
1.227223
3.413950
2.183872
2.732366
2.806584
3.040642
2.270095
1.758064
1.706610
3.299832
3.155814
1.811291
1.051769
1.770649
3.333585
2.951482
3.070094
2.784539
2.659195
1.119313
3.764928
1.849723
2.113016
2.955590
2.874364
