2.120956
1.237175
1.148823
1.332530
1.005304
1.868801
1.184814
1.021157
1.172021
1.022418
1.088164
1.037129
0.000014
1.040329
2.105411
1.080127
1.052732
1.084517
1.000137
1.320488
1.010019
1.078813
1.781461
1.362278
1.006540
1.059134
1.015765
1.128155
1.032615
1.029604
1.092587
1.001092
1.741991
1.242129
1.074955
1.003278
1.377376
1.588714
1.399768
1.009391
1.019584
1.263774
1.086985
1.012157
1.066060
1.793482
1.598465
1.088221
1.332049
1.000962
1.014765
1.045846
1.068718
1.025863
1.015845
1.065598
2.066119
1.006694
1.004634
1.053895
1.001145
1.050215
1.600639
1.861820
1.116011
1.001302
1.000372
1.355684
1.279927
1.112789
1.085111
1.111697
1.000334
1.013195
1.619216
1.056410
1.199360
1.018989
1.227444
1.165714
1.013280
1.470924
1.044821
1.587238
1.022694
1.225136
1.035802
1.047906
1.000616
1.516456
1.048180
1.039418
1.044071
1.317801
1.283049
1.072153
1.524388
1.040656
1.030834
1.130878
