0.000000
0.000000
0.000000
0.000000
0.000000
0.000000
0.000000
0.000003
0.000000
0.000000
0.000000
0.999995
0.999994
0.000000
0.000000
0.000000
0.000000
0.999992
0.000000
0.000000
0.999993
0.000000
0.000000
0.000001
0.000000
0.000000
0.000000
0.000000
0.000000
0.000000
0.000000
0.000000
0.000000
0.000000
1.009573
0.000000
0.000000
0.000000
0.000000
0.000000
0.000113
1.000001
0.000000
0.000000
0.000000
0.999997
0.000000
0.000000
0.000001
0.000000
0.000001
0.000000
0.000000
0.000000
0.000000
1.000000
0.000000
0.000000
0.000000
0.000000
0.000000
0.000000
0.000000
0.000000
0.000000
0.000000
1.000250
0.000000
0.000000
0.000000
0.000000
0.000000
0.999994
0.000000
0.000219
0.000000
0.000000
0.000000
0.000000
0.000000
0.999997
0.000002
0.000000
0.000000
0.000002
0.000000
0.000000
0.000000
0.000000
0.000000
0.000000
0.000000
0.000000
0.999996
0.999998
0.000000
0.017670
0.000000
0.000000
0.000003
