1.103275
1.000004
0.000146
1.001843
1.035690
0.999995
1.014326
1.000238
1.001669
0.999995
0.000000
0.000000
0.000075
1.000090
1.000494
0.999994
1.526975
0.000000
0.000008
0.000000
1.000004
1.002439
0.999996
0.000000
0.999988
0.000000
1.000854
0.000006
1.028445
1.001077
0.000001
0.000000
0.000021
1.000771
1.001265
0.000000
1.004489
1.000014
0.000000
0.999996
1.001637
1.000058
1.001183
0.000000
1.018132
0.999997
0.000040
1.161561
0.000000
0.000000
0.999999
1.000053
1.005842
0.000004
1.000202
0.000000
1.010954
1.038079
0.000011
1.013675
0.000001
0.999994
1.000295
1.000204
1.001264
0.000336
1.187825
1.006072
1.000005
0.000061
1.005747
0.999993
0.999996
0.000000
0.999996
1.001765
0.000005
0.000001
0.000000
1.000001
0.999990
1.047875
1.000165
0.999999
0.999995
1.001446
0.999995
1.000068
1.003923
1.000018
0.000002
1.002540
0.999996
0.999990
1.004752
0.000000
0.999991
0.000000
0.000058
1.033353
