2.120828
1.237051
1.148769
1.332487
1.005264
1.868618
1.310638
1.021109
1.171971
1.022318
1.088116
1.037088
0.000011
1.095440
2.105365
1.080079
1.052665
1.084516
1.000100
1.320452
1.009954
1.078789
1.781418
1.361677
1.006476
1.070721
1.015726
1.128142
1.032550
1.029592
1.014806
1.001079
1.741945
1.241693
1.074881
1.003206
1.377329
1.588664
1.120430
1.009385
1.019515
1.263186
1.086957
1.012134
1.066008
1.793298
1.598422
1.088205
1.331961
1.000912
1.014757
1.045804
1.068626
1.025847
1.015800
1.065551
2.065971
1.006671
1.004604
1.053802
1.001094
1.050196
1.600564
1.861747
1.115987
1.001256
1.000305
1.355637
1.275301
1.112747
1.085022
1.111688
1.000335
1.013152
0.000030
1.056360
1.199304
1.018902
1.111448
1.165636
1.013242
1.470884
1.044814
1.587198
1.022620
1.225119
1.035769
1.047830
1.000535
1.516215
1.048144
1.039380
1.044021
1.001247
1.283034
1.072111
1.524345
1.040625
1.030809
1.130819
